,Cities,Lat,Lng,Max Temp,Humidity,Wind Speed,Cloudiness,Country,Date
0,busselton,-33.65,115.33,64.99,95,1.99,100,AU,1588560254
1,roald,62.58,6.13,39.99,74,3.36,72,NO,1588560255
2,boa vista,2.82,-60.67,77.0,88,5.82,20,BR,1588560256
3,wanning,18.8,110.4,86.07,68,13.71,1,CN,1588560257
4,albany,42.6,-73.97,69.8,37,13.87,75,US,1588560051
5,hobart,-42.88,147.33,62.01,55,5.82,75,AU,1588560041
6,hermanus,-34.42,19.23,55.69,79,9.78,0,ZA,1588560261
7,bhadrachalam,17.67,80.88,90.7,53,7.07,14,IN,1588560262
8,altamont,42.21,-121.74,53.6,32,11.41,1,US,1588560264
9,acapulco,16.86,-99.89,78.8,88,7.4,5,MX,1588559967
10,kapaa,22.08,-159.32,80.6,69,21.92,40,US,1588559977
11,harper,4.38,-7.72,80.74,85,5.64,100,LR,1588560218
12,punta arenas,-53.15,-70.92,33.8,83,6.93,99,CL,1588560269
13,conceicao do araguaia,-8.26,-49.26,78.8,83,3.36,72,BR,1588560271
14,bintulu,3.17,113.03,84.2,83,3.36,75,MY,1588560272
15,nizhniy ufaley,55.92,59.98,41.67,56,2.59,9,RU,1588560274
16,avarua,-21.21,-159.78,80.6,74,8.05,29,CK,1588560135
17,rawson,-43.3,-65.1,59.32,43,14.65,5,AR,1588560276
18,rikitea,-23.12,-134.97,73.4,73,16.55,91,PF,1588560277
19,chuy,-33.7,-53.46,55.11,87,6.08,39,UY,1588560167
20,saint-philippe,-21.36,55.77,75.2,78,8.05,75,RE,1588560168
21,havelock,34.88,-76.9,71.6,68,13.87,1,US,1588560280
22,vaini,-21.2,-175.2,80.6,74,8.05,20,TO,1588560108
23,pangai,-19.8,-174.35,82.4,78,6.93,75,TO,1588560283
24,bluff,-46.6,168.33,47.35,76,17.96,96,NZ,1588560285
25,yulara,-25.24,130.99,66.2,39,16.11,0,AU,1588560286
26,kalispell,48.2,-114.31,46.4,61,6.93,90,US,1588560288
27,codajas,-3.84,-62.06,74.86,95,1.36,97,BR,1588560289
28,tasiilaq,65.61,-37.64,30.2,92,24.16,100,GL,1588560291
29,west plains,36.73,-91.85,66.2,77,3.36,90,US,1588560292
30,broome,42.25,-75.83,57.2,54,18.34,1,US,1588560293
31,tuatapere,-46.13,167.68,46.56,78,11.54,92,NZ,1588560295
32,naze,28.37,129.48,82.4,74,14.99,75,JP,1588560296
33,manokwari,-0.87,134.08,84.4,72,4.5,68,ID,1588560297
34,benton harbor,42.12,-86.45,54.0,50,8.05,1,US,1588560299
35,belmonte,-15.86,-38.88,77.0,69,8.05,40,BR,1588560300
36,dimapur,25.9,93.73,85.35,54,0.43,6,IN,1588560278
37,airai,-8.93,125.41,72.34,47,4.81,98,TL,1588560302
38,narayangarh,30.48,77.13,83.43,44,3.83,1,IN,1588560304
39,san cristobal,7.77,-72.22,68.52,71,3.18,98,VE,1588560274
40,hilo,19.73,-155.09,80.6,61,9.17,90,US,1588560118
41,severo-kurilsk,50.68,156.12,42.3,62,10.22,68,RU,1588560308
42,pisco,-13.7,-76.22,68.0,82,13.87,2,PE,1588560310
43,tateyama,34.98,139.87,66.99,93,9.17,75,JP,1588560311
44,kamenka,51.32,42.77,54.0,61,13.0,100,RU,1588560313
45,tuktoyaktuk,69.45,-133.04,12.2,85,2.24,90,CA,1588560118
46,mataura,-46.19,168.86,45.46,91,7.99,100,NZ,1588560316
47,kapit,2.02,112.93,92.93,52,1.61,88,MY,1588560317
48,kruisfontein,-34.0,24.73,56.71,86,10.71,100,ZA,1588560320
49,rawlins,41.79,-107.24,48.99,81,4.7,90,US,1588560321
50,wendo,6.6,38.42,60.06,53,1.92,100,ET,1588560324
51,georgetown,5.41,100.34,86.0,79,4.23,20,MY,1588560161
52,aitape,-3.14,142.35,79.32,89,7.65,100,PG,1588560326
53,sao filipe,14.9,-24.5,75.96,65,12.95,0,CV,1588560327
54,pitimbu,-7.47,-34.81,77.0,94,6.93,3,BR,1588560329
55,miguel auza,24.29,-103.45,63.5,37,18.54,100,MX,1588560331
56,atuona,-9.8,-139.03,81.48,75,19.6,4,PF,1588560333
57,jamestown,42.1,-79.24,57.2,47,5.82,1,US,1588560334
58,tiksi,71.69,128.87,24.44,93,8.75,43,RU,1588560335
59,qaanaaq,77.48,-69.36,19.08,94,3.65,100,GL,1588560336
60,new norfolk,-42.78,147.06,62.01,73,4.5,79,AU,1588560339
61,barrow,71.29,-156.79,12.2,85,8.05,1,US,1588560113
62,akcakoca,41.09,31.12,56.41,87,2.21,98,TR,1588560342
63,geraldton,-28.77,114.6,75.2,73,9.17,90,AU,1588560226
64,nerang,-27.98,153.33,73.99,49,13.87,0,AU,1588560302
65,plavinas,56.62,25.73,39.97,94,4.27,72,LV,1588560348
66,waterford,42.7,-83.4,55.4,47,12.75,20,US,1588560124
67,isangel,-19.55,169.27,84.2,74,5.82,75,VU,1588560145
68,puerto ayora,-0.74,-90.35,77.0,92,1.01,7,EC,1588560353
69,yellowknife,62.46,-114.35,48.2,57,2.24,75,CA,1588560354
70,bethel,41.37,-73.41,63.0,67,2.21,1,US,1588560357
71,thompson,55.74,-97.86,35.6,43,5.82,20,CA,1588560176
72,saint-francois,46.42,3.91,51.8,87,2.24,90,FR,1588560360
73,faanui,-16.48,-151.75,82.42,77,12.48,0,PF,1588560122
74,belyy yar,53.6,91.39,59.0,41,3.91,93,RU,1588560362
75,carnarvon,-24.87,113.63,75.2,83,6.93,0,AU,1588560128
76,bathsheba,13.22,-59.52,80.6,78,20.8,75,BB,1588560254
77,privas,44.58,4.5,54.0,83,4.34,12,FR,1588560366
78,ushuaia,-54.8,-68.3,39.2,69,16.11,40,AR,1588560335
79,kaitangata,-46.28,169.85,51.01,76,14.0,82,NZ,1588560166
80,tiarei,-17.53,-149.33,87.8,66,3.36,3,PF,1588560369
81,rocha,-34.48,-54.33,50.49,89,4.74,10,UY,1588560370
82,port elizabeth,-33.92,25.57,59.0,93,6.93,90,ZA,1588560372
83,constitucion,-35.33,-72.42,57.04,70,6.85,100,CL,1588560374
84,castro,-24.79,-50.01,51.46,72,6.42,9,BR,1588560375
85,bredasdorp,-34.53,20.04,53.6,87,2.24,2,ZA,1588560377
86,tengzhou,35.08,117.15,73.35,55,16.26,46,CN,1588560378
87,vila franca do campo,37.72,-25.43,59.0,82,21.92,40,PT,1588560379
88,lompoc,34.64,-120.46,59.0,58,11.41,1,US,1588560193
89,qujing,25.48,103.78,74.68,25,21.03,0,CN,1588560381
90,norheimsund,60.37,6.15,39.0,86,3.13,25,NO,1588560382
91,bakchar,57.02,82.07,42.33,71,11.36,100,RU,1588560384
92,sweetwater,25.76,-80.37,75.99,64,9.17,20,US,1588560385
93,vao,-22.67,167.48,73.35,84,19.33,85,NC,1588560386
94,saskylakh,71.92,114.08,16.38,95,5.1,100,RU,1588560388
95,paita,-5.09,-81.11,72.16,75,13.87,64,PE,1588560390
96,pevek,69.7,170.31,25.95,93,11.32,0,RU,1588560391
97,cernay,47.81,7.18,55.0,93,4.0,43,FR,1588560393
98,lavrentiya,65.58,-171.0,33.53,89,2.04,0,RU,1588560213
99,valreas,44.38,4.99,57.99,82,4.7,38,FR,1588560399
100,honiara,-9.43,159.95,86.0,70,4.7,75,SB,1588560400
101,owando,-0.48,15.9,73.83,76,1.95,2,CG,1588560402
102,comodoro rivadavia,-45.87,-67.5,55.4,58,6.93,50,AR,1588560247
103,christchurch,-43.53,172.63,61.0,67,3.36,100,NZ,1588560385
104,alofi,-19.06,-169.92,82.4,78,5.82,0,NU,1588560408
105,nemuro,43.32,145.57,55.4,93,8.05,75,JP,1588560263
106,thap than,15.46,99.89,90.5,57,11.97,75,TH,1588560412
107,mikkeli,61.69,27.27,39.0,93,1.12,64,FI,1588560413
108,touros,-5.2,-35.46,77.0,94,3.36,40,BR,1588560415
109,cape town,-33.93,18.42,55.0,93,1.12,21,ZA,1588560379
110,vaitape,-16.52,-151.75,83.3,77,12.66,1,PF,1588560417
111,mar del plata,-38.0,-57.56,59.0,93,10.29,100,AR,1588560292
112,port-gentil,-0.72,8.78,81.41,84,7.45,100,GA,1588560420
113,margate,51.38,1.39,51.01,75,1.01,100,GB,1588560421
114,port lincoln,-34.73,135.87,61.39,65,8.88,69,AU,1588560422
115,vostok,46.49,135.88,36.23,79,4.56,100,RU,1588560423
116,lakatoro,-16.1,167.42,84.2,74,4.7,75,VU,1588560424
117,nokia,61.47,23.5,43.0,93,6.93,90,FI,1588560426
118,hasaki,35.73,140.83,68.0,93,3.36,75,JP,1588560428
119,katsuura,35.13,140.3,66.99,86,11.36,100,JP,1588560201
120,lagoa,39.05,-27.98,59.81,74,26.24,1,PT,1588560431
121,alice springs,-23.7,133.88,64.4,45,12.75,0,AU,1588560432
122,arica,-18.48,-70.3,62.42,84,1.05,89,CL,1588560433
123,provideniya,64.38,-173.3,37.47,73,3.58,0,RU,1588560437
124,east london,-33.02,27.91,64.69,72,11.12,100,ZA,1588560438
125,port moresby,-9.44,147.18,89.6,70,11.41,40,PG,1588560442
126,neiafu,-18.65,-173.98,84.2,74,5.82,20,TO,1588560443
127,sterling,39.01,-77.43,64.99,93,10.29,90,US,1588560444
128,timmins,48.47,-81.33,28.4,92,14.99,90,CA,1588560393
129,labuhan,-6.88,112.21,85.12,69,6.13,0,ID,1588560446
130,vila,42.03,-8.16,66.99,68,3.36,0,PT,1588560448
131,tuy hoa,13.08,109.3,87.37,60,4.41,24,VN,1588560450
132,lebu,-37.62,-73.65,53.02,82,7.23,50,CL,1588560451
133,aqtobe,50.28,57.21,48.2,57,6.71,0,KZ,1588560452
134,winnemucca,40.97,-117.74,57.2,28,11.41,90,US,1588560454
135,arraial do cabo,-22.97,-42.03,71.15,73,10.25,16,BR,1588560455
136,namatanai,-3.67,152.43,84.06,76,5.44,57,PG,1588560456
137,tupik,54.43,119.93,52.0,31,7.34,60,RU,1588560457
138,nokha,27.6,73.42,89.53,38,9.26,31,IN,1588560458
139,ewa beach,21.32,-158.01,82.4,51,17.22,75,US,1588560460
140,aswan,24.09,32.91,74.62,25,4.07,0,EG,1588560339
141,victoria,22.29,114.16,86.0,70,4.0,4,HK,1588560367
142,petropavlovsk-kamchatskiy,53.05,158.65,50.0,29,17.9,75,RU,1588560464
143,hobyo,5.35,48.53,84.18,74,16.04,75,SO,1588560466
144,sainte-suzanne,-20.91,55.61,75.2,78,14.99,75,RE,1588560467
145,jumla,29.27,82.18,56.14,32,4.54,100,NP,1588560206
146,belyye berega,53.21,34.66,53.6,87,6.71,40,RU,1588560469
147,moose factory,51.26,-80.61,21.2,73,10.29,90,CA,1588560470
148,bocas del toro,9.33,-82.25,69.01,74,7.0,100,PA,1588560472
149,cam ranh,11.92,109.16,89.6,75,5.82,63,VN,1588560473
150,sinnamary,5.38,-52.95,78.39,89,11.56,100,GF,1588560475
151,kyren,51.68,102.14,61.03,31,1.86,0,RU,1588560476
152,yanam,16.73,82.22,91.08,56,4.32,4,IN,1588560478
153,magadan,59.57,150.8,32.76,92,22.86,100,RU,1588560480
154,mehamn,71.04,27.85,35.76,94,1.34,100,NO,1588560231
155,kosonsoy,41.26,71.55,66.2,45,9.17,0,UZ,1588560483
156,cap-aux-meules,47.38,-61.86,37.4,74,5.82,75,CA,1588560484
157,la asuncion,11.03,-63.86,80.6,83,17.22,44,VE,1588560486
158,batsfjord,70.63,29.72,36.63,92,4.07,100,NO,1588560489
159,butaritari,3.07,172.79,82.65,80,9.04,99,KI,1588560491
160,florianopolis,-27.61,-48.5,64.4,82,4.7,20,BR,1588560277
161,zlobin,45.29,14.65,34.0,86,4.61,23,HR,1588560493
162,farrukhnagar,17.08,78.2,86.0,62,5.82,1,IN,1588560496
163,bonfim,3.08,-59.95,78.8,80,3.24,72,BR,1588560497
164,thinadhoo,0.53,72.93,83.66,79,12.46,97,MV,1588560500
165,jasper,37.2,-94.35,66.99,82,3.36,20,US,1588560502
166,malatya,38.5,38.0,51.8,81,4.7,75,TR,1588560503
167,camopi,3.17,-52.32,73.36,95,1.5,93,GF,1588560504
168,khani,41.96,42.96,55.4,93,5.82,75,GE,1588560505
169,chokurdakh,70.63,147.92,15.69,94,5.32,41,RU,1588560506
170,svetlyy,54.67,20.13,41.0,86,6.71,0,RU,1588560508
171,visby,57.64,18.3,39.2,93,6.93,14,SE,1588560509
172,pouembout,-21.13,164.9,75.67,81,11.43,94,NC,1588560510
173,ostrovnoy,68.05,39.51,35.31,95,10.4,100,RU,1588560511
174,ribeira grande,38.52,-28.7,60.1,76,26.08,27,PT,1588560514
175,davidson,36.15,-86.78,64.99,88,8.05,75,US,1588560515
176,sitka,57.05,-135.33,46.4,87,16.11,90,US,1588560516
177,miri,4.41,114.01,87.8,79,3.36,75,MY,1588560517
178,rio grande,-32.03,-52.1,55.99,93,10.45,83,BR,1588560246
179,luderitz,-26.65,15.16,63.5,63,13.22,37,NA,1588560519
180,imeni zhelyabova,58.95,36.6,48.94,94,2.53,93,RU,1588560520
181,kahului,20.89,-156.47,82.4,58,27.51,40,US,1588560522
182,keti bandar,24.14,67.45,85.01,71,19.3,0,PK,1588560524
183,wichita falls,33.91,-98.49,82.4,69,9.17,1,US,1588560447
184,sur,22.57,59.53,89.89,46,5.57,0,OM,1588560526
185,pittsburg,38.03,-121.88,70.0,30,10.29,1,US,1588560480
186,necochea,-38.55,-58.74,57.0,92,8.99,96,AR,1588560529
187,nanortalik,60.14,-45.24,37.67,93,15.32,100,GL,1588560530
188,kaeo,-35.1,173.78,68.0,67,8.01,2,NZ,1588560531
189,newport,51.59,-3.0,51.01,92,9.44,100,GB,1588560534
190,cidreira,-30.18,-50.21,64.98,76,13.0,0,BR,1588560535
191,bayshore gardens,27.43,-82.59,75.0,73,4.7,1,US,1588560536
192,gizo,-8.1,156.84,85.53,71,5.46,83,SB,1588560537
193,valparaiso,-33.04,-71.63,59.0,67,9.28,100,CL,1588560538
194,dedza,-14.38,34.33,51.58,43,1.52,0,MW,1588560539
195,narsaq,60.92,-46.05,32.0,92,2.24,100,GL,1588560541
196,darhan,49.49,105.92,57.51,38,5.14,4,MN,1588560542
197,griffith,41.53,-87.42,60.8,50,12.48,1,US,1588560297
198,uige,-7.61,15.06,67.84,68,2.04,92,AO,1588560544
199,traverse city,44.76,-85.62,42.8,76,12.75,1,US,1588560528
200,clyde river,70.47,-68.59,5.0,71,5.48,1,CA,1588560546
201,plouzane,48.38,-4.62,55.4,93,2.24,90,FR,1588560548
202,bijar,35.87,47.61,45.79,35,4.97,5,IR,1588560549
203,halifax,44.65,-63.57,48.0,57,9.04,82,CA,1588560301
204,tura,25.52,90.22,83.5,54,1.9,0,IN,1588560551
205,zhigansk,66.77,123.37,29.59,94,4.18,0,RU,1588560553
206,teya,60.38,92.63,46.9,80,2.48,100,RU,1588560554
207,kajaani,64.23,27.73,35.6,93,5.82,20,FI,1588560555
208,ilulissat,69.22,-51.1,30.2,86,9.17,100,GL,1588560556
209,hualmay,-11.1,-77.61,67.28,84,8.75,92,PE,1588560557
210,kintinku,-5.88,35.23,64.47,71,1.59,3,TZ,1588560558
211,la rioja,42.25,-2.5,55.4,93,3.36,84,ES,1588560271
212,waipawa,-41.41,175.52,62.6,72,23.04,66,NZ,1588560561
213,saint-pierre,-21.34,55.48,71.6,78,8.05,75,RE,1588560562
214,omaruru,-21.43,15.93,59.13,27,4.94,0,NA,1588560564
215,finnsnes,69.23,17.98,35.6,90,13.87,100,NO,1588560567
216,aksu,41.12,80.26,70.79,27,6.33,100,CN,1588560569
217,manicore,-5.81,-61.3,78.8,94,1.12,0,BR,1588560570
218,aykhal,66.0,111.5,42.8,30,4.47,94,RU,1588560571
219,padang,-0.95,100.35,87.22,59,4.41,0,ID,1588560573
220,komsomolskiy,40.43,71.72,60.8,63,4.7,0,UZ,1588560574
221,saint anthony,45.02,-93.22,53.6,46,8.05,5,US,1588560575
222,longyearbyen,78.22,15.64,14.0,78,3.36,40,SJ,1588560577
223,palembang,-2.92,104.75,86.02,71,3.49,89,ID,1588560536
224,casper,42.87,-106.31,55.4,47,14.99,40,US,1588560579
225,monterey,36.25,-121.25,64.0,31,5.99,0,US,1588560580
226,turaiyur,11.17,78.62,86.0,74,5.82,40,IN,1588560462
227,te anau,-45.42,167.72,50.09,67,4.74,85,NZ,1588560584
228,chingola,-12.53,27.88,57.56,58,5.12,0,ZM,1588560586
229,guaruja,-23.99,-46.26,59.0,82,4.7,20,BR,1588560587
230,vestmannaeyjar,63.44,-20.27,41.92,67,12.19,100,IS,1588560589
231,boulsa,12.67,-0.58,90.97,39,10.51,13,BF,1588560591
232,jalu,29.03,21.55,61.84,75,9.37,0,LY,1588560593
233,egvekinot,66.32,-179.17,24.1,94,2.8,46,RU,1588560595
234,kodiak,57.79,-152.41,51.8,50,17.22,90,US,1588560597
235,nantucket,41.28,-70.1,51.01,93,9.17,1,US,1588560600
236,basoko,1.24,23.62,74.37,72,0.81,94,CD,1588560601
237,leshukonskoye,64.9,45.76,39.49,95,7.78,100,RU,1588560602
238,salalah,17.02,54.09,84.2,89,4.7,75,OM,1588560606
239,itanagar,27.1,93.62,81.14,48,2.84,69,IN,1588560607
240,pacific grove,36.62,-121.92,57.0,77,1.01,0,US,1588560610
241,pangody,65.85,74.49,15.69,95,15.3,77,RU,1588560611
242,kitimat,54.05,-128.65,48.2,66,19.46,75,CA,1588560612
243,marck,50.95,1.94,52.0,95,1.01,99,FR,1588560614
244,buala,-8.14,159.59,86.68,68,3.94,25,SB,1588560617
245,hithadhoo,-0.6,73.08,85.77,73,12.26,100,MV,1588560618
246,mount gambier,-37.83,140.77,53.6,81,6.93,90,AU,1588560620
247,praia da vitoria,38.73,-27.07,55.4,93,18.07,75,PT,1588560622
248,sai buri,6.7,101.62,86.0,74,8.05,20,TH,1588560624
249,mayo,38.89,-76.51,66.99,82,4.7,75,US,1588560565
250,fortuna,40.6,-124.16,55.99,71,9.17,1,US,1588560627
251,hofn,64.25,-15.21,41.38,67,10.76,100,IS,1588560628
252,dedougou,12.47,-3.47,88.84,45,7.36,0,BF,1588560629
253,san patricio,19.22,-104.7,72.37,83,5.61,0,MX,1588560630
254,corner brook,48.97,-57.95,37.4,83,5.82,90,CA,1588560429
255,new delhi,28.61,77.23,75.2,73,4.7,20,IN,1588560510
256,erzin,36.96,36.2,62.01,88,2.48,70,TR,1588560634
257,itarema,-2.92,-39.92,77.67,88,8.32,77,BR,1588560635
258,codrington,-38.27,141.97,57.25,71,3.96,100,AU,1588560636
259,aklavik,68.22,-135.01,21.2,62,8.05,5,CA,1588560637
260,siderno,38.28,16.3,64.99,86,5.01,15,IT,1588560638
261,lorengau,-2.02,147.27,85.21,76,5.64,100,PG,1588560640
262,fairfield,41.27,-73.32,64.99,49,3.04,60,US,1588560550
263,baturaja,-4.13,104.17,86.63,65,2.71,91,ID,1588560642
264,bassano,50.78,-112.47,53.01,41,3.0,37,CA,1588560643
265,cabo san lucas,22.89,-109.91,84.2,25,16.11,40,MX,1588560350
266,richards bay,-28.78,32.04,68.11,82,9.75,85,ZA,1588560645
267,yeppoon,-23.13,150.73,77.0,31,10.29,4,AU,1588560647
268,boralday,43.36,76.86,66.2,59,4.47,40,KZ,1588560648
269,akhmeta,42.03,45.21,59.0,77,10.29,75,GE,1588560649
270,marawi,8.0,124.29,82.99,78,5.99,71,PH,1588560651
271,chumikan,54.72,135.31,37.8,79,10.49,0,RU,1588560652
272,alenquer,-1.94,-54.74,77.0,94,4.7,75,BR,1588560653
273,manthani,18.65,79.67,94.28,42,10.67,0,IN,1588560654
274,kudat,6.88,116.85,87.8,74,5.82,75,MY,1588560656
275,elmadag,39.92,33.23,50.0,81,5.82,75,TR,1588560658
276,portland,45.52,-122.68,57.99,50,3.69,20,US,1588560218
277,upernavik,72.79,-56.15,16.7,92,6.55,100,GL,1588560660
278,nizhnyaya poyma,56.16,97.19,57.34,44,11.21,98,RU,1588560661
279,upington,-28.45,21.26,50.0,43,4.7,0,ZA,1588560662
280,montijo,38.71,-8.97,64.99,93,5.82,40,PT,1588560377
281,mezhdurechensk,53.69,88.06,64.27,42,5.53,100,RU,1588560668
282,nelson bay,-32.72,152.15,66.99,52,6.93,20,AU,1588560671
283,dengzhou,37.81,120.75,51.17,61,18.7,76,CN,1588560672
284,nyurba,63.28,118.33,45.25,50,1.88,10,RU,1588560673
285,bahia blanca,-38.72,-62.27,56.19,78,10.02,62,AR,1588560461
286,burnie,-41.07,145.92,64.99,59,8.99,9,AU,1588560678
287,mackay,-21.15,149.2,77.0,44,14.99,0,AU,1588560611
288,humberto de campos,-2.6,-43.46,76.69,92,4.56,34,BR,1588560674
289,quelimane,-17.88,36.89,64.24,88,2.73,0,MZ,1588560682
290,hays,30.05,-98.03,79.0,70,1.99,28,US,1588560684
291,paysandu,-32.32,-58.08,64.0,74,2.24,84,UY,1588560685
292,cao bang,22.67,106.25,87.1,58,7.0,73,VN,1588560686
293,ofunato,39.07,141.72,71.6,64,12.75,75,JP,1588560690
294,ippy,6.27,21.22,74.1,56,1.97,5,CF,1588560692
295,hay river,60.82,-115.8,42.8,70,12.75,40,CA,1588560693
296,chuncheng,22.17,111.79,91.99,63,6.17,78,CN,1588560694
297,la union,-5.4,-80.75,76.28,63,16.55,20,PE,1588560697
298,udachnyy,66.42,112.4,42.8,30,4.47,39,RU,1588560698
299,saiha,22.48,92.97,82.15,46,3.04,0,IN,1588560699
300,half moon bay,37.46,-122.43,62.01,81,12.75,1,US,1588560481
301,soto la marina,23.77,-98.22,79.0,85,8.99,16,MX,1588560702
302,slonim,53.09,25.32,44.74,85,7.81,100,BY,1588560703
303,komsomolets,53.75,62.07,44.87,55,6.24,0,KZ,1588560704
304,preobrazheniye,42.9,133.91,53.92,63,8.05,77,RU,1588560706
305,beringovskiy,63.05,179.32,30.0,94,3.53,10,RU,1588560708
306,beloha,-25.17,45.05,63.39,89,3.27,13,MG,1588560709
307,deputatskiy,69.3,139.9,14.77,90,3.87,100,RU,1588560465
308,brae,60.4,-1.35,33.8,86,1.12,9,GB,1588560711
309,kinshasa,-4.32,15.32,75.16,74,1.66,47,CD,1588560712
310,hongjiang,27.11,110.0,88.0,56,9.95,59,CN,1588560714
311,mizdah,31.45,12.98,65.93,36,5.12,0,LY,1588560715
312,trofors,65.53,13.41,37.4,86,5.82,100,NO,1588560718
313,teguldet,57.31,88.17,55.35,71,9.08,100,RU,1588560719
314,loningen,52.73,7.77,46.99,87,5.82,96,DE,1588560720
315,moranbah,-22.0,148.05,73.22,25,14.09,0,AU,1588560721
316,emerald,-23.53,148.17,73.0,26,6.93,0,AU,1588560722
317,huarmey,-10.07,-78.15,69.03,82,9.86,96,PE,1588560723
318,guymon,36.68,-101.48,73.4,56,16.11,1,US,1588560726
319,xilitla,21.33,-98.97,73.31,74,1.72,13,MX,1588560727
320,laguna,38.42,-121.42,71.6,33,13.87,1,US,1588560728
321,sorrento,40.63,14.37,57.99,58,10.76,69,IT,1588560729
322,kolhapur,16.7,74.22,86.81,35,4.9,17,IN,1588560731
323,boyolangu,-8.12,111.89,85.62,65,3.58,64,ID,1588560732
324,pemangkat,1.17,108.97,85.32,68,3.29,77,ID,1588560733
325,dikson,73.51,80.55,12.34,94,9.62,51,RU,1588560734
326,grand gaube,-20.01,57.66,78.01,78,5.99,92,MU,1588560735
327,norman wells,65.28,-126.83,32.0,93,11.41,75,CA,1588560738
328,port blair,11.67,92.75,86.77,64,8.08,4,IN,1588560732
329,la ronge,55.1,-105.28,41.0,65,6.93,75,CA,1588560740
330,rasuceni,44.09,25.66,55.99,95,2.91,100,RO,1588560741
331,malanje,-9.54,16.34,64.06,63,1.99,15,AO,1588560742
332,letlhakane,-21.42,25.58,59.92,30,8.75,0,BW,1588560746
333,guerrero negro,27.98,-114.06,63.82,83,19.42,0,MX,1588560747
334,nyuksenitsa,60.41,44.24,47.84,90,7.43,52,RU,1588560748
335,tchamba,9.03,1.42,73.78,71,3.58,74,TG,1588560749
336,tilichiki,60.47,166.1,29.46,94,9.17,100,RU,1588560751
337,vanavara,60.34,102.28,50.58,50,8.16,97,RU,1588560752
338,dawlatabad,36.41,64.91,71.64,46,4.38,98,AF,1588560753
339,kameoka,35.0,135.58,71.6,73,9.17,75,JP,1588560755
340,fereydun kenar,36.69,52.52,55.4,87,9.19,0,IR,1588560757
341,mago,53.25,140.18,45.37,53,10.04,62,RU,1588560758
342,bria,6.54,21.99,73.0,59,2.68,66,CF,1588560759
343,fairbanks,64.84,-147.72,51.8,27,16.11,1,US,1588560602
344,maine-soroa,13.21,12.02,76.77,54,3.42,6,NE,1588560761
345,arona,28.1,-16.68,69.01,77,5.93,20,ES,1588560766
346,baykit,61.67,96.37,42.98,81,6.17,100,RU,1588560767
347,hirara,24.8,125.28,86.0,74,13.87,40,JP,1588560770
348,byron bay,-28.65,153.62,71.01,52,13.87,30,AU,1588560573
349,green river,41.53,-109.47,44.6,87,9.17,75,US,1588560772
350,caravelas,-17.71,-39.25,74.39,75,10.25,20,BR,1588560773
351,lulea,65.58,22.15,33.8,90,3.36,29,SE,1588560774
352,gat,31.61,34.76,59.0,77,5.82,40,IL,1588560627
353,amahai,-3.33,128.92,88.05,62,4.92,76,ID,1588560778
354,misratah,32.38,15.09,68.65,59,15.37,8,LY,1588560780
355,evans,33.53,-82.13,77.0,44,4.7,1,US,1588560781
356,asau,46.43,26.4,51.01,81,2.37,100,RO,1588560783
357,tandalti,13.02,31.87,78.39,37,10.0,82,SD,1588560784
358,coihaique,-45.58,-72.07,41.0,93,2.24,75,CL,1588560785
359,troitsko-pechorsk,62.71,56.2,33.76,86,5.86,80,RU,1588560786
360,rumoi,43.93,141.64,61.99,58,4.41,95,JP,1588560787
361,tyukhtet,56.54,89.3,60.49,42,8.86,96,RU,1588560789
362,chicama,-7.84,-79.15,71.37,73,6.15,70,PE,1588560790
363,solikamsk,59.62,56.77,37.98,72,4.21,60,RU,1588560791
364,leningradskiy,69.38,178.42,32.29,90,1.3,0,RU,1588560792
365,kazanka,47.85,32.82,53.6,87,4.47,3,UA,1588560793
366,viedma,-40.81,-63.0,57.6,47,10.65,42,AR,1588560795
367,itinga,-16.61,-41.77,68.81,75,3.96,31,BR,1588560797
368,santa maria,-29.68,-53.81,51.8,93,4.7,3,BR,1588560798
369,yarim,14.3,44.38,58.55,38,2.57,26,YE,1588560799
370,kavaratti,10.57,72.64,86.09,78,11.27,65,IN,1588560800
371,nioro,13.35,-15.75,71.33,53,6.4,0,GM,1588560802
372,cassilandia,-19.11,-51.73,67.41,68,3.04,33,BR,1588560803
373,okhotsk,59.38,143.3,38.23,75,15.5,100,RU,1588560804
374,iqaluit,63.75,-68.51,10.4,78,18.34,75,CA,1588560805
375,yalvac,38.3,31.18,44.6,58,5.23,16,TR,1588560806
376,ler,8.3,30.14,79.39,50,4.14,10,SS,1588560808
377,curillo,1.03,-75.92,71.22,92,2.06,63,CO,1588560809
378,boden,65.83,21.69,33.8,89,3.36,95,SE,1588560810
379,saldanha,-33.01,17.94,58.53,82,6.64,19,ZA,1588560811
380,mahajanga,-15.72,46.32,73.4,94,5.82,20,MG,1588560571
381,belize,17.25,-88.75,82.0,82,1.99,24,BZ,1588560815
382,japura,-0.32,102.35,90.36,62,0.36,42,ID,1588560816
383,avera,33.19,-82.53,73.4,49,5.82,1,US,1588560817
384,kjollefjord,70.95,27.35,35.82,94,3.29,100,NO,1588560818
385,collie,-33.37,116.15,64.0,89,5.99,100,AU,1588560819
386,gogrial,8.53,28.1,80.65,53,4.32,82,SS,1588560821
387,atambua,-9.11,124.89,83.7,54,3.53,59,ID,1588560822
388,bilibino,68.05,166.44,28.0,87,2.39,47,RU,1588560823
389,nuuk,64.18,-51.72,33.8,86,24.16,100,GL,1588560824
390,polyarnyy,69.2,33.45,35.6,80,2.24,100,RU,1588560828
391,plettenberg bay,-34.05,23.37,60.03,86,12.1,91,ZA,1588560829
392,syracuse,37.09,15.28,55.0,93,4.7,3,IT,1588560830
393,bengkulu,-3.8,102.27,84.7,64,3.8,94,ID,1588560545
394,nenjiang,49.18,125.22,53.46,34,5.88,0,CN,1588560833
395,flinders,-34.58,150.86,66.99,51,1.01,1,AU,1588560835
396,peterhead,57.51,-1.8,44.01,93,2.24,0,GB,1588560715
397,bonavista,48.65,-53.11,34.0,84,14.0,100,CA,1588560837
398,ouesso,1.61,16.05,73.69,76,1.7,82,CG,1588560838
399,dromolaxia,34.88,33.59,60.8,93,8.05,20,CY,1588560839
400,goderich,43.75,-81.72,46.0,81,15.35,23,CA,1588560841
401,gouyave,12.16,-61.73,80.6,83,11.41,20,GD,1588560842
402,suez,29.97,32.53,65.97,48,3.06,0,EG,1588560843
403,solin,43.55,16.5,53.6,61,9.17,0,HR,1588560844
404,cartagena,10.4,-75.51,80.87,84,18.37,99,CO,1588560756
405,deer lake,49.17,-57.43,35.6,93,5.82,90,CA,1588560849
406,gravdal,68.12,13.5,37.83,82,14.74,98,NO,1588560850
407,mandurah,-32.55,115.7,71.01,85,8.01,100,AU,1588560852
408,verkhnevilyuysk,63.45,120.32,44.15,53,0.83,55,RU,1588560854
409,assiniboia,49.63,-105.98,52.41,61,19.64,100,CA,1588560856
410,coquimbo,-29.95,-71.34,55.4,87,3.36,2,CL,1588560857
411,groningen,53.25,6.75,45.0,93,4.52,63,NL,1588560858
412,kazachinskoye,57.7,93.28,57.92,51,7.81,100,RU,1588560862
413,kirkwood,38.58,-90.41,64.4,72,5.82,20,US,1588560863
414,matara,5.95,80.54,84.45,78,5.06,75,LK,1588560864
415,kandrian,-6.22,149.55,85.51,76,5.91,100,PG,1588560865
416,san ramon,37.78,-121.98,66.0,31,6.93,1,US,1588560642
417,itiuba,-10.69,-39.85,70.59,86,3.56,100,BR,1588560785
418,ilyich,40.85,68.51,70.16,44,4.03,55,KZ,1588560869
419,mareeba,-17.0,145.43,80.6,54,19.46,90,AU,1588560872
420,port hardy,50.7,-127.42,53.6,54,10.29,40,CA,1588560875
421,obo,5.4,26.49,69.17,81,3.6,100,CF,1588560877
422,rantepao,-2.97,119.9,82.47,49,3.67,97,ID,1588560878
423,manoel urbano,-8.84,-69.26,73.62,87,1.12,97,BR,1588560879
424,kainantu,-6.29,145.87,73.18,54,3.09,100,PG,1588560880
425,wahiawa,21.5,-158.02,82.4,61,13.87,90,US,1588560753
426,skagen,57.72,10.58,48.99,87,15.01,51,DK,1588560883
427,laerdalsoyri,61.1,7.48,34.65,83,3.44,93,NO,1588560884
428,muros,42.78,-9.06,63.0,82,1.99,0,ES,1588560885
429,krasnoarmeysk,51.02,45.7,54.0,32,5.01,81,RU,1588560886
430,kiri buru,22.08,85.35,90.16,45,3.8,14,IN,1588560887
431,bac lieu,9.29,105.72,89.1,59,7.61,7,VN,1588560889
432,kuytun,54.34,101.5,55.62,36,11.18,0,RU,1588560890
433,panama city,8.99,-79.52,84.2,70,2.24,88,PA,1588560776
434,cobija,-11.03,-68.77,74.7,86,1.81,100,BO,1588560892
435,havre-saint-pierre,50.23,-63.6,35.6,74,1.77,100,CA,1588560893
436,maputo,-25.97,32.59,69.01,91,8.99,42,MZ,1588560895
437,orchard homes,46.86,-114.05,46.4,52,13.87,90,US,1588560736
438,ponta do sol,32.67,-17.1,64.4,68,12.75,40,PT,1588560897
439,uglegorsk,49.08,142.03,40.46,86,9.17,100,RU,1588560898
440,abong mbang,3.98,13.18,69.04,81,2.37,100,CM,1588560899
441,butler,39.45,-84.57,57.0,76,5.82,40,US,1588560901
442,samarai,-10.62,150.67,81.12,84,14.97,94,PG,1588560903
443,seoul,37.57,126.98,75.2,57,9.35,1,KR,1588560642
444,bara,10.37,10.73,82.98,66,10.45,74,NG,1588560905
445,alta floresta,-9.88,-56.09,71.29,84,2.13,78,BR,1588560908
446,buarcos,40.17,-8.88,64.0,93,2.24,20,PT,1588560909
447,cody,44.53,-109.06,53.01,50,12.75,1,US,1588560910
448,tazovskiy,67.47,78.7,16.84,94,16.35,97,RU,1588560911
449,glinka,54.64,32.88,48.83,87,2.91,74,RU,1588560912
450,ambulu,-8.35,113.61,85.86,66,3.8,53,ID,1588560914
451,bandarbeyla,9.49,50.81,83.62,77,6.38,100,SO,1588560915
452,xapuri,-10.65,-68.5,74.77,86,1.99,100,BR,1588560784
453,kavieng,-2.57,150.8,84.52,77,10.29,94,PG,1588560917
454,san rafael,-34.62,-68.33,59.31,45,11.48,73,AR,1588560920
455,sabha,27.04,14.43,69.26,28,10.51,0,LY,1588560921
456,champerico,14.3,-91.92,85.21,71,5.32,6,GT,1588560922
457,husavik,66.04,-17.34,41.0,52,33.33,100,IS,1588560923
458,kosa,59.94,55.0,39.2,69,5.86,51,RU,1588560925
459,point pleasant,40.08,-74.07,66.99,81,7.11,74,US,1588560927
460,melita,49.27,-101.0,44.01,72,8.01,16,CA,1588560929
461,batemans bay,-35.72,150.18,66.0,42,1.99,26,AU,1588560931
462,kishi,9.08,3.85,73.53,66,5.39,42,NG,1588560934
463,salinopolis,-0.61,-47.36,80.01,86,8.32,92,BR,1588560727
464,raudeberg,61.99,5.14,37.99,91,11.07,72,NO,1588560936
465,aras,42.56,-2.36,55.4,93,3.36,61,ES,1588560937
466,asfi,32.3,-9.24,66.43,84,6.31,51,MA,1588560905
467,naberera,-4.2,36.93,60.04,63,4.5,96,TZ,1588560939
468,akdepe,42.06,59.38,69.8,56,4.7,100,TM,1588560941
469,los llanos de aridane,28.66,-17.92,71.6,46,13.87,0,ES,1588560942
470,sobolevo,54.43,31.9,49.24,87,5.61,84,RU,1588560943
471,bjorkelangen,59.88,11.57,39.99,78,1.01,97,NO,1588560944
472,matagami,49.75,-77.63,28.4,86,16.11,75,CA,1588560946
473,grindavik,63.84,-22.43,42.8,87,18.34,75,IS,1588560947
474,orangeburg,33.49,-80.86,73.99,68,6.93,1,US,1588560721
475,termoli,41.99,14.99,48.99,86,13.96,0,IT,1588560949
476,sassandra,4.95,-6.08,72.68,93,10.85,100,CI,1588560950
477,hammerfest,70.66,23.68,35.6,93,9.17,100,NO,1588560952
478,cuamba,-14.8,36.54,58.77,78,2.33,10,MZ,1588560953
479,manga,11.66,-1.07,87.48,49,13.49,7,BF,1588560954
480,yazykovo,55.22,56.14,44.26,56,3.83,0,RU,1588560955
481,jeremoabo,-10.07,-38.48,72.0,86,5.32,92,BR,1588560957
482,namibe,-15.2,12.15,75.83,59,5.21,0,AO,1588560958
483,benghazi,32.12,20.07,64.9,87,12.3,13,LY,1588560959
484,college,64.86,-147.8,51.8,31,17.22,40,US,1588560951
485,kalulushi,-12.84,28.09,58.05,58,3.6,0,ZM,1588560961
486,vicuna,-30.03,-70.71,46.0,69,1.59,1,CL,1588560963
487,puerto salgar,5.46,-74.65,77.92,78,1.21,100,CO,1588560964
488,nouakchott,18.09,-15.98,73.4,64,14.99,0,MR,1588560965
489,yerkoy,39.64,34.47,51.1,64,5.01,86,TR,1588560966
490,severnyy,50.68,36.55,53.6,93,8.95,75,RU,1588560967
491,sebinkarahisar,40.29,38.42,44.64,54,4.79,100,TR,1588560968
492,ariquemes,-9.91,-63.04,72.79,84,2.15,29,BR,1588560843
493,great bend,38.36,-98.76,68.0,59,8.05,1,US,1588560971
494,southampton,50.9,-1.4,53.01,87,1.99,99,GB,1588560972
495,moskovskiy,55.6,37.35,57.2,76,6.71,55,RU,1588560973
496,zeya,53.75,127.27,49.84,34,6.15,100,RU,1588560974
497,sorso,40.8,8.58,57.2,93,1.12,4,IT,1588560975
498,ixtapa,20.7,-105.2,78.8,69,8.05,75,MX,1588560977
499,chifeng,42.27,118.96,61.03,25,3.29,0,CN,1588560978
500,corn island,12.17,-83.04,81.19,80,14.32,89,NI,1588560979
501,ouadda,8.08,22.4,70.7,51,2.73,27,CF,1588560980
502,horsham,51.06,-0.33,51.01,93,4.7,75,GB,1588560981
503,hearst,49.68,-83.67,25.09,93,9.17,100,CA,1588560916
504,north platte,41.12,-100.77,66.2,48,10.29,90,US,1588560696
